1.00276000000000
2.00552000000000
2.02207800000000
2.04965900000000
2.08824400000000
2.13780000000000
2.19828900000000
2.26966300000000
2.35186700000000
2.44483500000000
2.54849400000000
2.66276300000000
2.78755300000000
2.92276400000000
3.06829000000000
3.22401800000000
3.38982400000000
3.56557700000000
3.75114100000000
3.94636700000000
4.15110500000000
4.36519100000000
4.58845800000000
4.82072900000000
5.06182300000000
5.31154900000000
5.56971100000000
5.83610600000000
6.11052500000000
6.39275100000000
6.68256300000000
6.97973100000000
7.28402300000000
7.59519900000000
7.91301600000000
8.23722100000000
8.56756000000000
8.90377400000000
9.24559800000000
9.59276400000000
9.94499500000000
10.3020190000000
10.6635510000000
11.0293080000000
11.3990040000000
11.7723480000000
12.1490440000000
12.5287950000000
12.9113050000000
13.2962710000000
13.6833940000000
14.0723630000000
14.4628770000000
14.8546300000000
15.2473080000000
15.6406040000000
16.0342100000000
16.4278170000000
16.8211140000000
17.2137940000000
17.6055460000000
17.9960580000000
18.3850280000000
18.7721500000000
19.1571180000000
19.5396280000000
19.9193780000000
20.2960740000000
20.6694160000000
21.0391120000000
21.4048700000000
21.7664090000000
22.1234290000000
22.4756610000000
22.8228250000000
23.1646490000000
23.5008610000000
23.8312050000000
24.1554090000000
24.4732210000000
24.7844010000000
25.0886930000000
25.3858610000000
25.6756730000000
25.9579010000000
26.2323170000000
26.4987090000000
26.7568730000000
27.0066050000000
27.2476970000000
27.4799690000000
27.7032330000000
27.9173170000000
28.1220570000000
28.3172810000000
28.5028450000000
28.6786010000000
28.8444050000000
29.0001330000000
29.1456570000000
29.2808690000000
29.4056570000000
29.5199290000000
29.6235890000000
29.7165570000000
29.7987610000000
29.8701370000000
29.9306250000000
29.9801770000000
30.0187650000000
30.0463450000000
30.0629050000000
30.0684250000000
30.0629050000000
30.0463450000000
30.0187650000000
29.9801770000000
29.9306250000000
29.8701370000000
29.7987610000000
29.7165570000000
29.6235890000000
29.5199290000000
29.4056570000000
29.2808690000000
29.1456570000000
29.0001370000000
28.8444050000000
28.6786010000000
28.5028450000000
28.3172810000000
28.1220570000000
27.9173170000000
27.7032330000000
27.4799690000000
27.2476970000000
27.0066050000000
26.7568730000000
26.4987090000000
26.2323170000000
25.9579010000000
25.6756730000000
25.3858610000000
25.0886930000000
24.7844010000000
24.4732210000000
24.1554090000000
23.8312050000000
23.5008610000000
23.1646490000000
22.8228250000000
22.4756610000000
22.1234290000000
21.7664090000000
21.4048700000000
21.0391120000000
20.6694160000000
20.2960740000000
19.9193800000000
19.5396280000000
19.1571180000000
18.7721500000000
18.3850280000000
17.9960600000000
17.6055460000000
17.2137940000000
16.8211140000000
16.4278170000000
16.0342100000000
15.6406040000000
15.2473080000000
14.8546300000000
14.4628790000000
14.0723630000000
13.6833940000000
13.2962710000000
12.9113050000000
12.5287960000000
12.1490440000000
11.7723480000000
11.3990040000000
11.0293080000000
10.6635510000000
10.3020190000000
9.94499500000000
9.59276400000000
9.24559800000000
8.90377400000000
8.56756100000000
8.23722100000000
7.91301600000000
7.59520000000000
7.28402400000000
6.97973100000000
6.68256300000000
6.39275100000000
6.11052500000000
5.83610600000000
5.56971100000000
5.31154900000000
5.06182300000000
4.82072900000000
4.58845800000000
4.36519100000000
4.15110500000000
3.94636700000000
3.75114100000000
3.56557700000000
3.38982400000000
3.22401800000000
3.06829000000000
2.92276400000000
2.78755300000000
2.66276300000000
2.54849400000000
2.44483500000000
2.35186700000000
2.26966300000000
2.19828900000000
2.13780000000000
2.08824400000000
2.04965900000000
2.02207800000000
2.00552000000000
2
2.01038700000000
2.04154000000000
2.09343300000000
2.16603000000000
2.25926900000000
2.37307800000000
2.50736800000000
2.66203300000000
2.83695100000000
3.03198500000000
3.24698100000000
3.48177000000000
3.73616800000000
4.00997200000000
4.30297300000000
4.61493500000000
4.94561300000000
5.29474800000000
5.66206400000000
6.04727400000000
6.45007400000000
6.87014800000000
7.30716400000000
7.76077900000000
8.23063400000000
8.71636400000000
9.21758400000000
9.73389800000000
10.2649030000000
10.8101790000000
11.3692980000000
11.9418180000000
12.5272930000000
13.1252610000000
13.7352490000000
14.3567760000000
14.9893600000000
15.6324960000000
16.2856820000000
16.9484020000000
17.6201360000000
18.3003560000000
18.9885240000000
19.6841020000000
20.3865420000000
21.0952900000000
21.8097850000000
22.5294770000000
23.2537850000000
23.9821530000000
24.7139930000000
25.4487370000000
26.1858170000000
26.9246330000000
27.6646170000000
28.4051810000000
29.1457490000000
29.8857290000000
30.6245490000000
31.3616250000000
32.0963690000000
32.8282090000000
33.5565730000000
34.2808890000000
35.0005730000000
35.7150690000000
36.4238170000000
37.1262610000000
37.8218410000000
38.5100050000000
39.1902250000000
39.8619570000000
40.5246810000000
41.1778650000000
41.8210010000000
42.4535850000000
43.0751170000000
43.6850970000000
44.2830650000000
44.8685370000000
45.4410650000000
46.0001850000000
46.5454610000000
47.0764570000000
47.5927730000000
48.0939970000000
48.5797250000000
49.0495850000000
49.5031930000000
49.9402130000000
50.3602890000000
50.7630810000000
51.1482930000000
51.5156090000000
51.8647490000000
52.1954250000000
52.5073850000000
52.8003850000000
53.0741890000000
53.3285930000000
53.5633770000000
53.7783770000000
53.9734090000000
54.1483250000000
54.3029930000000
54.4372850000000
54.5510930000000
54.6443290000000
54.7169290000000
54.7688170000000
54.7999730000000
54.8103610000000
54.7999730000000
54.7688170000000
54.7169290000000
54.6443290000000
54.5510930000000
54.4372850000000
54.3029930000000
54.1483250000000
53.9734090000000
53.7783770000000
53.5633770000000
53.3285930000000
53.0741890000000
52.8003890000000
52.5073850000000
52.1954250000000
51.8647490000000
51.5156090000000
51.1482930000000
50.7630810000000
50.3602890000000
49.9402130000000
49.5031930000000
49.0495850000000
48.5797250000000
48.0939970000000
47.5927810000000
47.0764570000000
46.5454610000000
46.0001850000000
45.4410650000000
44.8685370000000
44.2830650000000
43.6850970000000
43.0751170000000
42.4535850000000
41.8210010000000
41.1778650000000
40.5246810000000
39.8619570000000
39.1902250000000
38.5100050000000
37.8218410000000
37.1262610000000
36.4238170000000
35.7150730000000
35.0005730000000
34.2808890000000
33.5565730000000
32.8282090000000
32.0963770000000
31.3616250000000
30.6245490000000
29.8857290000000
29.1457490000000
28.4051810000000
27.6646170000000
26.9246330000000
26.1858170000000
25.4487410000000
24.7139930000000
23.9821530000000
23.2537850000000
22.5294770000000
21.8097930000000
21.0952900000000
20.3865420000000
19.6841020000000
18.9885240000000
18.3003560000000
17.6201360000000
16.9484020000000
16.2856820000000
15.6324960000000
14.9893600000000
14.3567780000000
13.7352490000000
13.1252610000000
12.5272940000000
11.9418200000000
11.3692980000000
10.8101790000000
10.2649030000000
9.73389800000000
9.21758400000000
8.71636400000000
8.23063400000000
7.76077900000000
7.30716400000000
6.87014800000000
6.45007500000000
6.04727400000000
5.66206400000000
5.29474800000000
4.94561300000000
4.61493500000000
4.30297300000000
4.00997200000000
3.73616800000000
3.48177100000000
3.24698100000000
3.03198500000000
2.83695100000000
2.66203300000000
2.50736800000000
2.37307800000000
2.25926900000000
2.16603000000000
2.09343300000000
2.04154000000000
2.01038700000000
2
2.01546100000000
2.06183400000000
2.13908300000000
2.24714500000000
2.38593600000000
2.55534700000000
2.75524400000000
2.98547100000000
3.24584600000000
3.53616500000000
3.85619800000000
4.20569400000000
4.58437900000000
4.99195500000000
5.42809900000000
5.89247000000000
6.38470200000000
6.90440800000000
7.45117900000000
8.02458400000000
8.62417400000000
9.24947600000000
9.89999800000000
10.5752270000000
11.2746330000000
11.9976670000000
12.7437570000000
13.5123200000000
14.3027490000000
15.1144210000000
15.9467000000000
16.7989280000000
17.6704360000000
18.5605440000000
19.4685440000000
20.3937200000000
21.3353560000000
22.2927010000000
23.2650050000000
24.2514970000000
25.2514090000000
26.2639490000000
27.2883250000000
28.3237290000000
29.3693530000000
30.4243570000000
31.4879250000000
32.5592210000000
33.6373930000000
34.7216010000000
35.8109850000000
36.9046930000000
38.0018690000000
39.1016450000000
40.2031490000000
41.3055210000000
42.4078930000000
43.5093970000000
44.6091690000000
45.7063450000000
46.8000490000000
47.8894410000000
48.9736410000000
50.0518250000000
51.1231170000000
52.1866810000000
53.2416890000000
54.2873130000000
55.3227170000000
56.3470890000000
57.3596370000000
58.3595450000000
59.3460410000000
60.3183410000000
61.2756810000000
62.2173170000000
63.1425010000000
64.0504930000000
64.9405970000000
65.8121060000000
66.6643380000000
67.4966180000000
68.3082980000000
69.0987220000000
69.8672820000000
70.6133700000000
71.3364020000000
72.0358260000000
72.7110500000000
73.3615700000000
73.9868740000000
74.5864500000000
75.1598580000000
75.7066260000000
76.2263380000000
76.7185700000000
77.1829380000000
77.6190820000000
78.0266500000000
78.4053460000000
78.7548420000000
79.0748740000000
79.3651940000000
79.6255700000000
79.8558020000000
80.0556900000000
80.2250980000000
80.3638900000000
80.4719540000000
80.5492020000000
80.5955860000000
80.6110420000000
80.5955860000000
80.5492020000000
80.4719540000000
80.3638900000000
80.2250980000000
80.0556900000000
79.8558020000000
79.6255700000000
79.3651940000000
79.0748740000000
78.7548420000000
78.4053460000000
78.0266500000000
77.6190900000000
77.1829380000000
76.7185700000000
76.2263380000000
75.7066260000000
75.1598580000000
74.5864500000000
73.9868740000000
73.3615700000000
72.7110500000000
72.0358260000000
71.3364020000000
70.6133700000000
69.8672900000000
69.0987220000000
68.3082980000000
67.4966180000000
66.6643380000000
65.8121060000000
64.9405970000000
64.0504930000000
63.1425010000000
62.2173170000000
61.2756810000000
60.3183410000000
59.3460410000000
58.3595450000000
57.3596370000000
56.3470890000000
55.3227170000000
54.2873130000000
53.2416890000000
52.1866890000000
51.1231170000000
50.0518250000000
48.9736410000000
47.8894410000000
46.8000570000000
45.7063450000000
44.6091690000000
43.5093970000000
42.4078930000000
41.3055210000000
40.2031490000000
39.1016450000000
38.0018690000000
36.9047010000000
35.8109850000000
34.7216010000000
33.6373930000000
32.5592210000000
31.4879290000000
30.4243570000000
29.3693530000000
28.3237290000000
27.2883250000000
26.2639490000000
25.2514090000000
24.2514970000000
23.2650050000000
22.2927010000000
21.3353560000000
20.3937240000000
19.4685440000000
18.5605440000000
17.6704400000000
16.7989300000000
15.9467000000000
15.1144210000000
14.3027490000000
13.5123200000000
12.7437570000000
11.9976670000000
11.2746330000000
10.5752270000000
9.89999800000000
9.24947600000000
8.62417600000000
8.02458400000000
7.45117900000000
6.90440800000000
6.38470200000000
5.89247000000000
5.42809900000000
4.99195500000000
4.58437900000000
4.20569500000000
3.85619800000000
3.53616500000000
3.24584600000000
2.98547100000000
2.75524400000000
2.55534700000000
2.38593600000000
2.24714500000000
2.13908300000000
2.06183400000000
2.01546100000000
2
2.00601100000000
2.02403900000000
2.05407200000000
2.09608300000000
2.15004300000000
2.21590600000000
2.29362200000000
2.38312900000000
2.48435700000000
2.59722700000000
2.72164900000000
2.85752500000000
3.00475000000000
3.16320600000000
3.33276900000000
3.51330600000000
3.70467500000000
3.90672600000000
4.11929900000000
4.34222600000000
4.57533300000000
4.81843700000000
5.07134500000000
5.33385900000000
5.60577400000000
5.88687300000000
6.17693700000000
6.47573700000000
6.78303800000000
7.09859800000000
7.42217000000000
7.75349800000000
8.09232100000000
8.43837500000000
8.79138600000000
9.15107400000000
9.51716000000000
9.88935500000000
10.2673650000000
10.6508910000000
11.0396360000000
11.4332900000000
11.8315440000000
12.2340870000000
12.6406020000000
13.0507650000000
13.4642560000000
13.8807530000000
14.2999230000000
14.7214400000000
15.1449680000000
15.5701780000000
15.9967370000000
16.4243020000000
16.8525440000000
17.2811200000000
17.7097000000000
18.1379420000000
18.5655080000000
18.9920660000000
19.4172740000000
19.8408060000000
20.2623200000000
20.6814920000000
21.0979880000000
21.5114780000000
21.9216450000000
22.3281610000000
22.7307010000000
23.1289570000000
23.5226130000000
23.9113570000000
24.2948810000000
24.6728930000000
25.0450850000000
25.4111690000000
25.7708610000000
26.1238690000000
26.4699250000000
26.8087450000000
27.1400770000000
27.4636490000000
27.7792130000000
28.0865050000000
28.3853090000000
28.6753730000000
28.9564730000000
29.2283890000000
29.4909010000000
29.7438090000000
29.9869130000000
30.2200170000000
30.4429490000000
30.6555210000000
30.8575690000000
31.0489370000000
31.2294770000000
31.3990370000000
31.5574970000000
31.7047210000000
31.8405970000000
31.9650210000000
32.0778850000000
32.1791170000000
32.2686250000000
32.3463370000000
32.4122010000000
32.4661610000000
32.5081730000000
32.5382050000000
32.5562330000000
32.5622450000000
32.5562330000000
32.5382050000000
32.5081730000000
32.4661610000000
32.4122010000000
32.3463370000000
32.2686250000000
32.1791170000000
32.0778850000000
31.9650210000000
31.8405970000000
31.7047210000000
31.5574970000000
31.3990410000000
31.2294770000000
31.0489370000000
30.8575690000000
30.6555210000000
30.4429490000000
30.2200170000000
29.9869130000000
29.7438090000000
29.4909010000000
29.2283890000000
28.9564730000000
28.6753730000000
28.3853130000000
28.0865050000000
27.7792130000000
27.4636490000000
27.1400770000000
26.8087450000000
26.4699250000000
26.1238690000000
25.7708610000000
25.4111690000000
25.0450850000000
24.6728930000000
24.2948810000000
23.9113570000000
23.5226130000000
23.1289570000000
22.7307010000000
22.3281610000000
21.9216450000000
21.5114800000000
21.0979880000000
20.6814920000000
20.2623200000000
19.8408060000000
19.4172760000000
18.9920660000000
18.5655080000000
18.1379420000000
17.7097000000000
17.2811200000000
16.8525440000000
16.4243020000000
15.9967370000000
15.5701800000000
15.1449680000000
14.7214400000000
14.2999230000000
13.8807530000000
13.4642580000000
13.0507650000000
12.6406020000000
12.2340870000000
11.8315440000000
11.4332900000000
11.0396360000000
10.6508910000000
10.2673650000000
9.88935500000000
9.51716000000000
9.15107500000000
8.79138600000000
8.43837500000000
8.09232100000000
7.75349900000000
7.42217000000000
7.09859800000000
6.78303800000000
6.47573700000000
6.17693700000000
5.88687300000000
5.60577400000000
5.33385900000000
5.07134500000000
4.81843700000000
4.57533300000000
4.34222600000000
4.11929900000000
3.90672600000000
3.70467500000000
3.51330600000000
3.33276900000000
3.16320600000000
3.00475000000000
2.85752500000000
2.72164900000000
2.59722700000000
2.48435700000000
2.38312900000000
2.29362200000000
2.21590600000000
2.15004300000000
2.09608300000000
2.05407200000000
2.02403900000000
2.00601100000000
2
2.01531700000000
2.06125500000000
2.13778000000000
2.24482900000000
2.38232000000000
2.55014400000000
2.74816900000000
2.97623900000000
3.23417500000000
3.52177400000000
3.83880900000000
4.18503100000000
4.56016900000000
4.96392500000000
5.39598400000000
5.85600500000000
6.34362600000000
6.85846300000000
7.40011100000000
7.96814500000000
8.56211800000000
9.18156200000000
9.82599000000000
10.4948930000000
11.1877480000000
11.9040080000000
12.6431090000000
13.4044700000000
14.1874950000000
14.9915640000000
15.8160460000000
16.6602900000000
17.5236360000000
18.4054040000000
19.3048980000000
20.2214060000000
21.1542180000000
22.1025970000000
23.0657890000000
24.0430410000000
25.0335890000000
26.0366450000000
27.0514210000000
28.0771290000000
29.1129530000000
30.1580770000000
31.2116810000000
32.2729350000000
33.3410130000000
34.4150610000000
35.4942410000000
36.5777010000000
37.6646050000000
38.7540730000000
39.8452570000000
40.9373010000000
42.0293490000000
43.1205330000000
44.2100010000000
45.2968970000000
46.3803570000000
47.4595410000000
48.5335890000000
49.6016690000000
50.6629250000000
51.7165290000000
52.7616530000000
53.7974770000000
54.8231810000000
55.8379610000000
56.8410250000000
57.8315650000000
58.8088210000000
59.7720130000000
60.7203890000000
61.6531970000000
62.5697090000000
63.4691970000000
64.3509690000000
65.2143140000000
66.0585620000000
66.8830420000000
67.6871140000000
68.4701220000000
69.2314820000000
69.9706020000000
70.6868580000000
71.3797140000000
72.0486180000000
72.6930420000000
73.3124900000000
73.9064580000000
74.4744980000000
75.0161380000000
75.5309780000000
76.0186020000000
76.4786260000000
76.9106740000000
77.3144340000000
77.6895780000000
78.0358020000000
78.3528340000000
78.6404260000000
78.8983620000000
79.1264340000000
79.3244660000000
79.4922820000000
79.6297700000000
79.7368340000000
79.8133460000000
79.8592820000000
79.8746020000000
79.8592820000000
79.8133460000000
79.7368340000000
79.6297700000000
79.4922820000000
79.3244660000000
79.1264340000000
78.8983620000000
78.6404260000000
78.3528340000000
78.0358020000000
77.6895780000000
77.3144340000000
76.9106820000000
76.4786260000000
76.0186020000000
75.5309780000000
75.0161380000000
74.4744980000000
73.9064580000000
73.3124900000000
72.6930420000000
72.0486180000000
71.3797140000000
70.6868580000000
69.9706020000000
69.2314980000000
68.4701220000000
67.6871140000000
66.8830420000000
66.0585620000000
65.2143140000000
64.3509690000000
63.4691970000000
62.5697090000000
61.6531970000000
60.7203890000000
59.7720130000000
58.8088210000000
57.8315650000000
56.8410250000000
55.8379610000000
54.8231810000000
53.7974770000000
52.7616530000000
51.7165330000000
50.6629250000000
49.6016690000000
48.5335890000000
47.4595410000000
46.3803650000000
45.2968970000000
44.2100010000000
43.1205330000000
42.0293490000000
40.9373010000000
39.8452570000000
38.7540730000000
37.6646050000000
36.5777130000000
35.4942410000000
34.4150610000000
33.3410130000000
32.2729350000000
31.2116850000000
30.1580770000000
29.1129530000000
28.0771290000000
27.0514210000000
26.0366450000000
25.0335890000000
24.0430410000000
23.0657890000000
22.1025970000000
21.1542180000000
20.2214080000000
19.3048980000000
18.4054040000000
17.5236400000000
16.6602910000000
15.8160460000000
14.9915640000000
14.1874950000000
13.4044700000000
12.6431090000000
11.9040080000000
11.1877480000000
10.4948930000000
9.82599000000000
9.18156200000000
8.56211900000000
7.96814500000000
7.40011100000000
6.85846300000000
6.34362600000000
5.85600500000000
5.39598400000000
4.96392500000000
4.56016900000000
4.18503100000000
3.83880900000000
3.52177400000000
3.23417500000000
2.97623900000000
2.74816900000000
2.55014400000000
2.38232000000000
2.24482900000000
2.13778000000000
2.06125500000000
2.01531700000000